epoch:0 0.1501  0.4410  0.0515  0.0620  0.1661  0.0572  0.0647  0.3380  0.3706  0.4500  0.3748  0.2000  0.5836  0.010000
epoch:1 0.2544  0.7735  0.0920  0.0896  0.2601  0.1892  0.0845  0.3756  0.3793  0.0875  0.3831  0.3000  0.4111  0.010000
